9.999000000000000110e-01
9.998000100000000723e-01
9.997000299990000949e-01
9.996000599960002120e-01
9.995000999900006677e-01
9.994001499800017063e-01
9.993002099650036829e-01
9.992002799440071747e-01
9.991003599160127591e-01
9.990004498800211241e-01
9.989005498350331802e-01
9.988006597800497266e-01
9.987007797140717846e-01
9.986009096361003756e-01
9.985010495451367429e-01
9.984011994401822410e-01
9.983013593202382241e-01
9.982015291843061577e-01
9.981017090313877294e-01
9.980018988604846264e-01
9.979020986705985363e-01
9.978023084607314797e-01
9.977025282298853659e-01
9.976027579770624376e-01
9.975029977012647153e-01
9.974032474014945526e-01
9.973035070767544141e-01
9.972037767260467644e-01
9.971040563483741792e-01
9.970043459427393451e-01
9.969046455081450597e-01
9.968049550435942319e-01
9.967052745480898812e-01
9.966056040206351385e-01
9.965059434602331345e-01
9.964062928658871110e-01
9.963066522366005318e-01
9.962070215713768606e-01
9.961074008692197834e-01
9.960077901291328750e-01
9.959081893501199323e-01
9.958085985311849742e-01
9.957090176713319085e-01
9.956094467695647543e-01
9.955098858248878635e-01
9.954103348363053660e-01
9.953107938028217250e-01
9.952112627234414033e-01
9.951117415971690860e-01
9.950122304230093473e-01
9.949127291999670941e-01
9.948132379270471226e-01
9.947137566032544509e-01
9.946142852275940971e-01
9.945148237990713014e-01
9.944153723166914149e-01
9.943159307794597890e-01
9.942164991863818857e-01
9.941170775364632783e-01
9.940176658287096512e-01
9.939182640621267995e-01
9.938188722357206295e-01
9.937194903484970476e-01
9.936201183994621822e-01
9.935207563876222725e-01
9.934214043119835580e-01
9.933220621715523890e-01
9.932227299653352270e-01
9.931234076923387555e-01
9.930240953515695468e-01
9.929247929420343954e-01
9.928255004627402069e-01
9.927262179126939978e-01
9.926269452909027846e-01
9.925276825963736949e-01
9.924284298281140781e-01
9.923291869851312841e-01
9.922299540664327733e-01
9.921307310710261174e-01
9.920315179979189990e-01
9.919323148461192119e-01
9.918331216146346607e-01
9.917339383024732502e-01
9.916347649086429961e-01
9.915356014321521361e-01
9.914364478720089080e-01
9.913373042272217717e-01
9.912381704967990759e-01
9.911390466797493914e-01
9.910399327750814003e-01
9.909408287818038952e-01
9.908417346989257801e-01
9.907426505254558480e-01
9.906435762604033357e-01
9.905445119027772582e-01
9.904454574515869636e-01
9.903464129058417997e-01
9.902473782645512257e-01
9.901483535267248115e-01
9.900493386913721272e-01
9.899503337575029649e-01
9.898513387241272277e-01
9.897523535902548186e-01
9.896533783548957519e-01
9.895544130170602637e-01
9.894554575757585901e-01
9.893565120300010785e-01
9.892575763787980758e-01
9.891586506211601515e-01
9.890597347560980968e-01
9.889608287826224808e-01
9.888619326997442061e-01
9.887630465064742857e-01
9.886641702018236222e-01
9.885653037848034508e-01
9.884664472544250069e-01
9.883676006096995259e-01
9.882687638496385762e-01
9.881699369732536153e-01
9.880711199795563227e-01
9.879723128675583776e-01
9.878735156362716818e-01
9.877747282847080257e-01
9.876759508118795328e-01
9.875771832167983266e-01
9.874784254984766418e-01
9.873796776559268240e-01
9.872809396881612187e-01
9.871822115941923936e-01
9.870834933730330274e-01
9.869847850236956877e-01
9.868860865451932751e-01
9.867873979365388015e-01
9.866887191967451676e-01
9.865900503248254960e-01
9.864913913197930206e-01
9.863927421806610862e-01
9.862941029064430376e-01
9.861954734961524416e-01
9.860968539488028650e-01
9.859982442634079858e-01
9.858996444389817038e-01
9.858010544745378079e-01
9.857024743690904200e-01
9.856039041216535512e-01
9.855053437312414344e-01
9.854067931968683025e-01
9.853082525175486106e-01
9.852097216922968137e-01
9.851112007201275889e-01
9.850126896000556131e-01
9.849141883310955636e-01
9.848156969122624504e-01
9.847172153425712837e-01
9.846187436210370736e-01
9.845202817466749412e-01
9.844218297185002298e-01
9.843233875355283935e-01
9.842249551967748866e-01
9.841265327012552744e-01
9.840281200479851220e-01
9.839297172359803278e-01
9.838313242642567902e-01
9.837329411318304073e-01
9.836345678377171886e-01
9.835362043809334764e-01
9.834378507604953912e-01
9.833395069754193862e-01
9.832411730247218040e-01
9.831428489074193200e-01
9.830445346225286096e-01
9.829462301690663484e-01
9.828479355460494338e-01
9.827496507524948743e-01
9.826513757874196786e-01
9.825531106498409661e-01
9.824548553387759675e-01
9.823566098532421353e-01
9.822583741922568112e-01
9.821601483548375588e-01
9.820619323400020528e-01
9.819637261467680789e-01
9.818655297741534227e-01
9.817673432211759810e-01
9.816691664868538725e-01
9.815709995702052160e-01
9.814728424702482412e-01
9.813746951860011780e-01
9.812765577164825892e-01
9.811784300607109266e-01
9.810803122177048641e-01
9.809822041864830755e-01
9.808841059660644568e-01
9.807860175554679039e-01
9.806879389537123126e-01
9.805898701598169120e-01
9.804918111728009311e-01
9.803937619916837098e-01
9.802957226154845882e-01
9.801976930432230173e-01
9.800996732739186701e-01
9.800016633065913307e-01
9.799036631402606723e-01
9.798056727739467009e-01
9.797076922066693117e-01
9.796097214374486217e-01
9.795117604653048593e-01
9.794138092892583636e-01
9.793158679083294738e-01
9.792179363215386401e-01
9.791200145279065348e-01
9.790221025264537191e-01
9.789242003162010874e-01
9.788263078961694230e-01
9.787284252653798422e-01
9.786305524228533503e-01
9.785326893676110638e-01
9.784348360986743209e-01
9.783369926150644602e-01
9.782391589158029310e-01
9.781413349999114049e-01
9.780435208664114421e-01
9.779457165143248254e-01
9.778479219426734481e-01
9.777501371504792038e-01
9.776523621367642081e-01
9.775545969005505764e-01
9.774568414408605355e-01
9.773590957567164228e-01
9.772613598471407981e-01
9.771636337111561099e-01
9.770659173477850290e-01
9.769682107560502260e-01
9.768705139349745936e-01
9.767728268835811356e-01
9.766751496008927447e-01
9.765774820859326466e-01
9.764798243377240672e-01
9.763821763552903432e-01
9.762845381376548115e-01
9.761869096838410309e-01
9.760892909928726713e-01
9.759916820637734025e-01
9.758940828955670055e-01
9.757964934872774831e-01
9.756989138379287274e-01
9.756013439465449633e-01
9.755037838121503047e-01
9.754062334337690876e-01
9.753086928104257591e-01
9.752111619411447663e-01
9.751136408249506671e-01
9.750161294608681306e-01
9.749186278479220480e-01
9.748211359851373103e-01
9.747236538715388088e-01
9.746261815061516565e-01
9.745287188880010776e-01
9.744312660161122963e-01
9.743338228895106479e-01
9.742363895072216895e-01
9.741389658682709785e-01
9.740415519716841830e-01
9.739441478164869714e-01
9.738467534017053451e-01
9.737493687263651942e-01
9.736519937894925203e-01
9.735546285901135466e-01
9.734572731272544965e-01
9.733599273999418156e-01
9.732625914072018380e-01
9.731652651480611205e-01
9.730679486215463303e-01
9.729706418266841350e-01
9.728733447625014241e-01
9.727760574280251982e-01
9.726787798222824577e-01
9.725815119443002033e-01
9.724842537931057684e-01
9.723870053677264869e-01
9.722897666671896921e-01
9.721925376905229399e-01
9.720953184367538968e-01
9.719981089049102296e-01
9.719009090940197160e-01
9.718037190031103556e-01
9.717065386312100372e-01
9.716093679773468716e-01
9.715122070405491916e-01
9.714150558198451080e-01
9.713179143142631755e-01
9.712207825228317271e-01
9.711236604445794285e-01
9.710265480785349457e-01
9.709294454237270555e-01
9.708323524791846459e-01
9.707352692439367159e-01
9.706381957170123753e-01
9.705411318974407342e-01
9.704440777842510135e-01
9.703470333764725453e-01
9.702499986731348836e-01
9.701529736732675824e-01
9.700559583759003068e-01
9.699589527800627220e-01
9.698619568847847150e-01
9.697649706890962840e-01
9.696679941920274270e-01
9.695710273926082534e-01
9.694740702898689833e-01
9.693771228828400588e-01
9.692801851705518112e-01
9.691832571520347939e-01
9.690863388263195599e-01
9.689894301924368847e-01
9.688925312494176545e-01
9.687956419962927557e-01
9.686987624320931856e-01
9.686018925558499415e-01
9.685050323665943539e-01
9.684081818633577532e-01
9.683113410451714698e-01
9.682145099110669451e-01
9.681176884600758425e-01
9.680208766912298257e-01
9.679240746035606691e-01
9.678272821961003691e-01
9.677304994678808114e-01
9.676337264179339925e-01
9.675369630452922420e-01
9.674402093489877785e-01
9.673434653280529316e-01
9.672467309815201419e-01
9.671500063084219612e-01
9.670532913077911630e-01
9.669565859786604101e-01
9.668598903200625871e-01
9.667632043310305789e-01
9.666665280105974922e-01
9.665698613577964338e-01
9.664732043716606213e-01
9.663765570512234948e-01
9.662799193955183830e-01
9.661832914035788367e-01
9.660866730744385178e-01
9.659900644071310882e-01
9.658934654006904319e-01
9.657968760541503217e-01
9.657002963665448636e-01
9.656037263369082746e-01
9.655071659642745496e-01
9.654106152476781277e-01
9.653140741861533369e-01
9.652175427787347273e-01
9.651210210244568488e-01
9.650245089223543626e-01
9.649280064714621519e-01
9.648315136708149886e-01
9.647350305194478670e-01
9.646385570163958922e-01
9.645420931606942805e-01
9.644456389513782479e-01
9.643491943874831218e-01
9.642527594680443404e-01
9.641563341920975638e-01
9.640599185586783415e-01
9.639635125668224447e-01
9.638671162155657557e-01
9.637707295039441568e-01
9.636743524309937525e-01
9.635779849957506471e-01
9.634816271972510560e-01
9.633852790345313055e-01
9.632889405066278332e-01
9.631926116125771875e-01
9.630962923514159169e-01
9.629999827221807918e-01
9.629036827239085827e-01
9.628073923556361713e-01
9.627111116164006610e-01
9.626148405052390444e-01
9.625185790211885362e-01
9.624223271632864618e-01
9.623260849305701470e-01
9.622298523220771393e-01
9.621336293368449866e-01
9.620374159739113473e-01
9.619412122323139913e-01
9.618450181110907993e-01
9.617488336092796519e-01
9.616526587259187631e-01
9.615564934600462355e-01
9.614603378107002829e-01
9.613641917769192302e-01
9.612680553577415132e-01
9.611719285522057898e-01
9.610758113593506069e-01
9.609797037782147333e-01
9.608836058078369380e-01
9.607875174472562119e-01
9.606914386955115459e-01
9.605953695516420421e-01
9.604993100146869134e-01
9.604032600836854838e-01
9.603072197576770774e-01
9.602111890357013513e-01
9.601151679167977404e-01
9.600191564000061240e-01
9.599231544843661590e-01
9.598271621689177246e-01
9.597311794527008111e-01
9.596352063347555195e-01
9.595392428141220620e-01
9.594432888898406508e-01
9.593473445609517203e-01
9.592514098264955935e-01
9.591554846855129268e-01
9.590595691370443765e-01
9.589636631801307098e-01
9.588677668138126942e-01
9.587718800371313188e-01
9.586760028491275731e-01
9.585801352488426685e-01
9.584842772353178164e-01
9.583884288075943392e-01
9.582925899647135592e-01
9.581967607057171321e-01
9.581009410296466022e-01
9.580051309355436251e-01
9.579093304224500782e-01
9.578135394894078392e-01
9.577177581354588964e-01
9.576219863596453497e-01
9.575262241610094094e-01
9.574304715385932862e-01
9.573347284914394129e-01
9.572389950185903329e-01
9.571432711190884790e-01
9.570475567919766169e-01
9.569518520362974012e-01
9.568561568510938198e-01
9.567604712354087493e-01
9.566647951882851775e-01
9.565691287087663142e-01
9.564734717958954802e-01
9.563778244487158853e-01
9.562821866662710724e-01
9.561865584476044733e-01
9.560909397917597419e-01
9.559953306977805321e-01
9.558997311647107198e-01
9.558041411915942920e-01
9.557085607774751246e-01
9.556129899213974266e-01
9.555174286224052960e-01
9.554218768795430528e-01
9.553263346918551280e-01
9.552308020583859527e-01
9.551352789781801800e-01
9.550397654502823519e-01
9.549442614737373436e-01
9.548487670475900302e-01
9.547532821708852868e-01
9.546578068426682107e-01
9.545623410619838989e-01
9.544668848278776707e-01
9.543714381393948454e-01
9.542760009955809641e-01
9.541805733954814572e-01
9.540851553381418659e-01
9.539897468226080646e-01
9.538943478479258165e-01
9.537989584131409959e-01
9.537035785172996993e-01
9.536082081594480231e-01
9.535128473386320636e-01
9.534174960538982502e-01
9.533221543042929014e-01
9.532268220888624466e-01
9.531314994066535373e-01
9.530361862567129361e-01
9.529408826380872943e-01
9.528455885498234856e-01
9.527503039909684945e-01
9.526550289605694166e-01
9.525597634576733475e-01
9.524645074813276047e-01
9.523692610305795059e-01
9.522740241044764797e-01
9.521787967020660659e-01
9.520835788223959151e-01
9.519883704645136779e-01
9.518931716274672272e-01
9.517979823103044357e-01
9.517028025120733981e-01
9.516076322318222092e-01
9.515124714685990748e-01
9.514173202214522007e-01
9.513221784894300148e-01
9.512270462715810559e-01
